0.3688, 0.3446, 0.4355, 0.5388, 0.6597, 0.8079, 0.3783, 0.4858, 0.6258, 0.7701, 0.8909, 1.2534, 2.1640, 3.5640, 4.5119, 5.7601, 7.9600, 23.8433, 0.3688, 0.3446, 0.4355, 0.5388, 0.6597, 0.8079, 0.3783, 0.4858, 0.6258, 0.7701, 0.8909, 1.2534, 2.1640, 3.5640, 4.5119, 5.7601, 7.9600, 23.8433
0.001, -9.9000e+01, 2.2960e+09, 8.0741e+09, 1.5605e+10, 2.2510e+10, 3.0189e+10, 3.6847e+09, 1.1739e+10, 2.0995e+10, 2.8056e+10, 3.4579e+10, 4.4773e+10, 4.0740e+10, 1.9747e+10, 1.2773e+10, 9.1742e+09, 6.5171e+09, 3.2408e+09, -99.0000, 0.4976, -0.8677, -1.5831, -1.9809, -2.2996, -0.0160, -1.2741, -1.9053, -2.2201, -2.4470, -2.7275, -2.6251, -1.8388, -1.3658, -1.0064, -0.6351, 0.1234
0.002, -9.9000e+01, 5.7112e+08, 2.0078e+09, 3.8895e+09, 5.6182e+09, 7.5307e+09, 9.1713e+08, 2.9248e+09, 5.2379e+09, 7.0001e+09, 8.6287e+09, 1.1182e+10, 1.0194e+10, 4.9405e+09, 3.1982e+09, 2.2946e+09, 1.6302e+09, 8.1044e+08, -99.0000, 2.0082, 0.6432, -0.0747, -0.4740, -0.7921, 1.4939, 0.2347, -0.3979, -0.7128, -0.9399, -1.2213, -1.1209, -0.3344, 0.1377, 0.4982, 0.8694, 1.6282
0.004, -9.9000e+01, 1.4132e+08, 4.9633e+08, 9.6651e+08, 1.3999e+09, 1.8745e+09, 2.2535e+08, 7.2562e+08, 1.3039e+09, 1.7433e+09, 2.1496e+09, 2.7902e+09, 2.5524e+09, 1.2370e+09, 8.0203e+08, 5.7418e+08, 4.0800e+08, 2.0274e+08, -99.0000, 3.5245, 2.1606, 1.4370, 1.0347, 0.7178, 3.0178, 1.7482, 1.1119, 0.7966, 0.5691, 0.2859, 0.3826, 1.1691, 1.6395, 2.0024, 2.3734, 3.1327
0.006, -9.9000e+01, 6.2156e+07, 2.1814e+08, 4.2695e+08, 6.2016e+08, 8.2955e+08, 9.8635e+07, 3.2023e+08, 5.7710e+08, 7.7181e+08, 9.5206e+08, 1.2377e+09, 1.1359e+09, 5.5059e+08, 3.5756e+08, 2.5543e+08, 1.8154e+08, 9.0159e+07, -99.0000, 4.4163, 3.0532, 2.3241, 1.9187, 1.6029, 3.9149, 2.6363, 1.9969, 1.6812, 1.4533, 1.1684, 1.2616, 2.0479, 2.5166, 2.8818, 3.2526, 4.0125
0.008, -9.9000e+01, 3.4603e+07, 1.2135e+08, 2.3870e+08, 3.4769e+08, 4.6462e+08, 5.4895e+07, 1.7879e+08, 3.2328e+08, 4.3247e+08, 5.3367e+08, 6.9488e+08, 6.3971e+08, 3.1016e+08, 2.0176e+08, 1.4381e+08, 1.0223e+08, 5.0744e+07, -99.0000, 5.0522, 3.6899, 2.9554, 2.5470, 2.2323, 4.5512, 3.2691, 2.6261, 2.3101, 2.0818, 1.7952, 1.8850, 2.6710, 3.1379, 3.5056, 3.8761, 4.6365
0.010, -9.9000e+01, 2.1922e+07, 7.6803e+07, 1.5184e+08, 2.2178e+08, 2.9608e+08, 3.4462e+07, 1.1360e+08, 2.0603e+08, 2.7572e+08, 3.4036e+08, 4.4386e+08, 4.0984e+08, 1.9880e+08, 1.2953e+08, 9.2122e+07, 6.5502e+07, 3.2495e+07, -99.0000, 5.5478, 4.1866, 3.4466, 3.0352, 2.7215, 5.0566, 3.7615, 3.1152, 2.7988, 2.5702, 2.2819, 2.3685, 3.1540, 3.6191, 3.9891, 4.3594, 5.1205
0.015, -9.9000e+01, 9.4941e+06, 3.3179e+07, 6.6469e+07, 9.7737e+07, 1.3020e+08, 1.4772e+07, 4.9576e+07, 9.0627e+07, 1.2137e+08, 1.4997e+08, 1.9633e+08, 1.8254e+08, 8.8677e+07, 5.8023e+07, 4.1038e+07, 2.9197e+07, 1.4462e+07, -99.0000, 6.4564, 5.0978, 4.3434, 3.9248, 3.6135, 5.9764, 4.6618, 4.0069, 3.6897, 3.4600, 3.1675, 3.2466, 4.0305, 4.4910, 4.8670, 5.2367, 5.9994
0.020, -9.9000e+01, 5.2040e+06, 1.8138e+07, 3.6834e+07, 5.4492e+07, 7.2466e+07, 8.0203e+06, 2.7382e+07, 5.0450e+07, 6.7607e+07, 8.3609e+07, 1.0994e+08, 1.0285e+08, 5.0057e+07, 3.2898e+07, 2.3136e+07, 1.6473e+07, 8.1458e+06, -99.0000, 7.1092, 5.7535, 4.9844, 4.5592, 4.2497, 6.6395, 5.3063, 4.6429, 4.3250, 4.0944, 3.7971, 3.8695, 4.6513, 5.1071, 5.4893, 5.8581, 6.6227
0.030, -9.9000e+01, 2.1993e+06, 7.6104e+06, 1.5902e+07, 2.3767e+07, 3.1552e+07, 3.3378e+06, 1.1725e+07, 2.1954e+07, 2.9456e+07, 3.6466e+07, 4.8432e+07, 4.5845e+07, 2.2399e+07, 1.4854e+07, 1.0328e+07, 7.3685e+06, 3.6291e+06, -99.0000, 8.0443, 6.6965, 5.8964, 5.4601, 5.1524, 7.5914, 6.2272, 5.5462, 5.2271, 4.9953, 4.6872, 4.7468, 5.5244, 5.9704, 6.3650, 6.7316, 7.5005
0.040, -9.9000e+01, 1.1773e+06, 4.0375e+06, 8.6954e+06, 1.3113e+07, 1.7402e+07, 1.7789e+06, 6.3427e+06, 1.2082e+07, 1.6239e+07, 2.0098e+07, 2.7009e+07, 2.5864e+07, 1.2682e+07, 8.4860e+06, 5.8334e+06, 4.1729e+06, 2.0457e+06, -99.0000, 8.7228, 7.3847, 6.5518, 6.1057, 5.7985, 8.2746, 6.8943, 6.1947, 5.8736, 5.6421, 5.3212, 5.3683, 6.1420, 6.5782, 6.9852, 7.3489, 8.1229
0.050, -9.9000e+01, 7.1604e+05, 2.4333e+06, 5.4112e+06, 8.2337e+06, 1.0922e+07, 1.0882e+06, 3.8945e+06, 7.5664e+06, 1.0190e+07, 1.2594e+07, 1.7138e+07, 1.6604e+07, 8.1677e+06, 5.5149e+06, 3.7490e+06, 2.6887e+06, 1.3118e+06, -99.0000, 9.2627, 7.9345, 7.0668, 6.6110, 6.3042, 8.8082, 7.4239, 6.7028, 6.3795, 6.1496, 5.8151, 5.8494, 6.6197, 7.0462, 7.4652, 7.8261, 8.6054
0.060, -9.9000e+01, 4.7109e+05, 1.5889e+06, 3.6550e+06, 5.6106e+06, 7.4393e+06, 7.2283e+05, 2.5927e+06, 5.1403e+06, 6.9426e+06, 8.5673e+06, 1.1804e+07, 1.1573e+07, 5.7063e+06, 3.8875e+06, 2.6154e+06, 1.8794e+06, 9.1246e+05, -99.0000, 9.7172, 8.3973, 7.4928, 7.0275, 6.7212, 9.2524, 7.8656, 7.1225, 6.7962, 6.5679, 6.2199, 6.2414, 7.0091, 7.4258, 7.8562, 8.2149, 8.9995
0.070, -9.9000e+01, 3.2745e+05, 1.0972e+06, 2.6121e+06, 4.0437e+06, 5.3646e+06, 5.0861e+05, 1.8259e+06, 3.6913e+06, 5.0080e+06, 6.1704e+06, 8.6006e+06, 8.5319e+06, 4.2168e+06, 2.8985e+06, 1.9304e+06, 1.3897e+06, 6.7135e+05, -99.0000, 10.1121, 8.7993, 7.8575, 7.3830, 7.0762, 9.6340, 8.2463, 7.4820, 7.1508, 6.9242, 6.5637, 6.5724, 7.3375, 7.7446, 8.1859, 8.5427, 9.3326
0.080, -9.9000e+01, 2.3644e+05, 7.9125e+05, 1.9455e+06, 3.0355e+06, 4.0345e+06, 3.7312e+05, 1.3406e+06, 2.7585e+06, 3.7665e+06, 4.6370e+06, 6.5304e+06, 6.5537e+06, 3.2464e+06, 2.2518e+06, 1.4847e+06, 1.0709e+06, 5.1465e+05, -99.0000, 10.4657, 9.1542, 8.1774, 7.6944, 7.3855, 9.9704, 8.5818, 7.7983, 7.4601, 7.2344, 6.8627, 6.8588, 7.6215, 8.0187, 8.4709, 8.8256, 9.6212
0.090, -9.9000e+01, 1.7613e+05, 5.9091e+05, 1.4945e+06, 2.3509e+06, 3.1333e+06, 2.8247e+05, 1.0167e+06, 2.1244e+06, 2.9241e+06, 3.6057e+06, 5.1183e+06, 5.1981e+06, 2.5785e+06, 1.8052e+06, 1.1784e+06, 8.5162e+05, 4.0707e+05, -99.0000, 10.7854, 9.4712, 8.4638, 7.9719, 7.6600, 10.2726, 8.8821, 8.0819, 7.7350, 7.5075, 7.1272, 7.1104, 7.8716, 8.2587, 8.7218, 9.0744, 9.8758
0.100, -9.9000e+01, 1.3436e+05, 4.5354e+05, 1.1752e+06, 1.8666e+06, 2.4958e+06, 2.1894e+05, 7.9056e+05, 1.6768e+06, 2.3278e+06, 2.8805e+06, 4.1112e+06, 4.2294e+06, 2.0995e+06, 1.4837e+06, 9.5883e+05, 6.9433e+05, 3.3003e+05, -99.0000, 11.0793, 9.7585, 8.7247, 8.2224, 7.9070, 10.5492, 9.1552, 8.3388, 7.9826, 7.7513, 7.3651, 7.3343, 8.0947, 8.4717, 8.9456, 9.2961, 10.1036
0.150, -9.9000e+01, 4.4668e+04, 1.5685e+05, 4.5070e+05, 7.4402e+05, 1.0167e+06, 7.7277e+04, 2.8272e+05, 6.5782e+05, 9.4725e+05, 1.1724e+06, 1.7489e+06, 1.9340e+06, 9.5513e+05, 7.0454e+05, 4.3858e+05, 3.1862e+05, 1.4694e+05, -99.0000, 12.2750, 10.9113, 9.7653, 9.2210, 8.8820, 11.6799, 10.2716, 9.3547, 8.9588, 8.7273, 8.2931, 8.1838, 8.9498, 9.2802, 9.7949, 10.1418, 10.9821
0.170, -9.9000e+01, 3.0478e+04, 1.0907e+05, 3.2947e+05, 5.5411e+05, 7.6663e+05, 5.5060e+04, 2.0044e+05, 4.8798e+05, 7.1583e+05, 8.7803e+05, 1.3379e+06, 1.5278e+06, 7.4954e+05, 5.6049e+05, 3.4777e+05, 2.5109e+05, 1.1437e+05, -99.0000, 12.6900, 11.3057, 10.1055, 9.5410, 9.1885, 12.0479, 10.6451, 9.6790, 9.2630, 9.0412, 8.5840, 8.4398, 9.2130, 9.5286, 10.0468, 10.4004, 11.2542
0.190, -9.9000e+01, 2.1383e+04, 7.7439e+04, 2.4638e+05, 4.2307e+05, 5.9601e+05, 3.9773e+04, 1.4613e+05, 3.7252e+05, 5.5706e+05, 6.8062e+05, 1.0512e+06, 1.2418e+06, 6.0423e+05, 4.5685e+05, 2.8471e+05, 2.0334e+05, 9.1499e+04, -99.0000, 13.0748, 11.6776, 10.4210, 9.8340, 9.4619, 12.4010, 10.9882, 9.9721, 9.5353, 9.3177, 8.8457, 8.6649, 9.4470, 9.7506, 10.2640, 10.6294, 11.4965
0.200, -9.9000e+01, 1.8051e+04, 6.6047e+04, 2.1440e+05, 3.7277e+05, 5.3013e+05, 3.4120e+04, 1.2572e+05, 3.2837e+05, 4.9572e+05, 6.0477e+05, 9.4038e+05, 1.1285e+06, 5.4698e+05, 4.1592e+05, 2.6002e+05, 1.8456e+05, 8.2543e+04, -99.0000, 13.2588, 11.8504, 10.5719, 9.9714, 9.5890, 12.5675, 11.1515, 10.1091, 9.6619, 9.4460, 8.9667, 8.7687, 9.5551, 9.8525, 10.3625, 10.7346, 11.6083
0.210, -9.9000e+01, 1.5300e+04, 5.6966e+04, 1.8733e+05, 3.3021e+05, 4.7390e+05, 2.9428e+04, 1.0854e+05, 2.9067e+05, 4.4331e+05, 5.3993e+05, 8.4539e+05, 1.0302e+06, 4.9755e+05, 3.8051e+05, 2.3869e+05, 1.6836e+05, 7.4835e+04, -99.0000, 13.4382, 12.0110, 10.7185, 10.1030, 9.7108, 12.7281, 11.3110, 10.2415, 9.7832, 9.5692, 9.0824, 8.8677, 9.6579, 9.9491, 10.4554, 10.8344, 11.7147
0.230, -9.9000e+01, 1.1096e+04, 4.4058e+04, 1.4345e+05, 2.6310e+05, 3.8327e+05, 2.2198e+04, 8.1808e+04, 2.3138e+05, 3.5880e+05, 4.3638e+05, 6.9195e+05, 8.6892e+05, 4.1685e+05, 3.2254e+05, 2.0388e+05, 1.4194e+05, 6.2321e+04, -99.0000, 13.7871, 12.2899, 11.0083, 10.3497, 9.9412, 13.0342, 11.6180, 10.4892, 10.0129, 9.8003, 9.2998, 9.0526, 9.8500, 10.1286, 10.6265, 11.0197, 11.9134
0.250, -9.9000e+01, 8.1130e+03, 3.4726e+04, 1.1074e+05, 2.1281e+05, 3.1443e+05, 1.6777e+04, 6.2861e+04, 1.8708e+05, 2.9445e+05, 3.5872e+05, 5.7397e+05, 7.4114e+05, 3.5421e+05, 2.7742e+05, 1.7687e+05, 1.2147e+05, 5.2684e+04, -99.0000, 14.1271, 12.5484, 11.2893, 10.5800, 10.1562, 13.3382, 11.9040, 10.7199, 10.2275, 10.0131, 9.5028, 9.2252, 10.0268, 10.2922, 10.7809, 11.1888, 12.0958
0.300, -9.9000e+01, 3.8649e+03, 1.9951e+04, 6.0326e+04, 1.3246e+05, 2.0281e+05, 8.7815e+03, 3.5031e+04, 1.1486e+05, 1.8842e+05, 2.3249e+05, 3.7681e+05, 5.1390e+05, 2.4900e+05, 1.9982e+05, 1.3085e+05, 8.6733e+04, 3.6456e+04, -99.0000, 14.9321, 13.1501, 11.9487, 11.0948, 10.6323, 14.0411, 12.5389, 11.2496, 10.7122, 10.4840, 9.9597, 9.6228, 10.4095, 10.6484, 11.1081, 11.5545, 12.4956
0.350, -9.9000e+01, 2.1043e+03, 1.1991e+04, 3.5158e+04, 8.6814e+04, 1.3776e+05, 4.7029e+03, 2.0871e+04, 7.3934e+04, 1.2640e+05, 1.5961e+05, 2.6069e+05, 3.6872e+05, 1.8813e+05, 1.5155e+05, 1.0247e+05, 6.5540e+04, 2.6690e+04, -99.0000, 15.5922, 13.7028, 12.5349, 11.5535, 11.0522, 14.7191, 13.1011, 11.7279, 11.1456, 10.8924, 10.3597, 9.9832, 10.7139, 10.9486, 11.3735, 11.8587, 12.8341
0.400, -9.9000e+01, 1.3075e+03, 7.3426e+03, 2.1919e+04, 5.9088e+04, 9.6449e+04, 2.4868e+03, 1.2821e+04, 4.9262e+04, 8.7441e+04, 1.1556e+05, 1.8777e+05, 2.6976e+05, 1.5146e+05, 1.1936e+05, 8.3635e+04, 5.1557e+04, 2.0375e+04, -99.0000, 16.1089, 14.2354, 13.0479, 11.9713, 11.4393, 15.4109, 13.6302, 12.1687, 11.5457, 11.2430, 10.7159, 10.3226, 10.9492, 11.2079, 11.5940, 12.1193, 13.1272
0.450, -9.9000e+01, 8.1398e+02, 4.6955e+03, 1.3645e+04, 4.1322e+04, 6.9928e+04, 1.4128e+03, 8.4685e+03, 3.2473e+04, 6.2962e+04, 8.6148e+04, 1.3959e+05, 2.0331e+05, 1.2834e+05, 9.6727e+04, 7.0249e+04, 4.1865e+04, 1.6067e+04, -99.0000, 16.6235, 14.7208, 13.5625, 12.3595, 11.7884, 16.0248, 14.0805, 12.6212, 11.9023, 11.5619, 11.0379, 10.6296, 11.1291, 11.4361, 11.7834, 12.3454, 13.3852
0.500, -9.9000e+01, 5.5637e+02, 2.9468e+03, 9.2667e+03, 2.8865e+04, 5.2359e+04, 9.6502e+02, 5.6771e+03, 2.1549e+04, 4.6895e+04, 6.5322e+04, 1.0703e+05, 1.5843e+05, 1.1141e+05, 8.0102e+04, 5.9942e+04, 3.5113e+04, 1.3001e+04, -99.0000, 17.0366, 15.2266, 13.9827, 12.7491, 12.1025, 16.4387, 14.5147, 13.0665, 12.2222, 11.8623, 11.3263, 10.9004, 11.2827, 11.6409, 11.9557, 12.5363, 13.6151
0.600, -9.9000e+01, -9.9000e+01, 1.1951e+03, 4.8084e+03, 1.3752e+04, 3.0947e+04, 4.2153e+02, 2.7104e+03, 1.0222e+04, 2.7282e+04, 3.8669e+04, 6.6101e+04, 1.0469e+05, 8.8020e+04, 5.7441e+04, 4.5048e+04, 2.6762e+04, 9.0451e+03, -99.0000, -99.0000, 16.2065, 14.6950, 13.5541, 12.6735, 17.3379, 15.3174, 13.8762, 12.8103, 12.4316, 11.8495, 11.3502, 11.5385, 12.0019, 12.2658, 12.8312, 14.0090
0.700, -9.9000e+01, -9.9000e+01, 5.0470e+02, 2.6099e+03, 7.2131e+03, 1.8537e+04, 2.4083e+02, 1.3188e+03, 5.2563e+03, 1.6074e+04, 2.4218e+04, 4.4228e+04, 7.4802e+04, 7.0941e+04, 4.4288e+04, 3.5389e+04, 2.1630e+04, 6.6998e+03, -99.0000, -99.0000, 17.1424, 15.3584, 14.2547, 13.2299, 17.9457, 16.0996, 14.5983, 13.3847, 12.9397, 12.2858, 11.7152, 11.7728, 12.2843, 12.5278, 13.0624, 14.3348
0.800, -9.9000e+01, -9.9000e+01, 2.8037e+02, 1.3771e+03, 3.8320e+03, 1.1539e+04, 1.4629e+02, 6.5282e+02, 3.0591e+03, 9.4448e+03, 1.6444e+04, 3.1045e+04, 5.5782e+04, 5.7458e+04, 3.7483e+04, 2.8718e+04, 1.8241e+04, 5.2235e+03, -99.0000, -99.0000, 17.7807, 16.0526, 14.9414, 13.7446, 18.4870, 16.8630, 15.1860, 13.9620, 13.3599, 12.6700, 12.0338, 12.0016, 12.4654, 12.7546, 13.2474, 14.6051
0.900, -9.9000e+01, -9.9000e+01, 1.6255e+02, 7.2441e+02, 2.4048e+03, 7.0618e+03, 7.7040e+01, 3.3536e+02, 1.8785e+03, 5.3985e+03, 1.1032e+04, 2.2567e+04, 4.3024e+04, 4.8121e+04, 3.3440e+04, 2.3814e+04, 1.5859e+04, 4.2768e+03, -99.0000, -99.0000, 18.3726, 16.7500, 15.4473, 14.2777, 19.1832, 17.5862, 15.7155, 14.5693, 13.7933, 13.0163, 12.3157, 12.1942, 12.5893, 12.9579, 13.3993, 14.8222
1.000, -9.9000e+01, -9.9000e+01, 1.0499e+02, 3.6607e+02, 1.5362e+03, 4.3623e+03, 3.7853e+01, 1.9185e+02, 1.1684e+03, 3.2981e+03, 7.1901e+03, 1.7056e+04, 3.4285e+04, 4.0925e+04, 3.0307e+04, 2.0025e+04, 1.4068e+04, 3.6257e+03, -99.0000, -99.0000, 18.8471, 17.4911, 15.9339, 14.8007, 19.9548, 18.1926, 16.2310, 15.1043, 14.2582, 13.3203, 12.5622, 12.3700, 12.6961, 13.1461, 13.5294, 15.0015
1.100, -9.9000e+01, -9.9000e+01, 7.0329e+01, 2.0329e+02, 9.8995e+02, 2.7397e+03, 2.0190e+01, 1.1969e+02, 7.0455e+02, 2.0590e+03, 4.7701e+03, 1.3010e+04, 2.7683e+04, 3.4735e+04, 2.7404e+04, 1.7318e+04, 1.2638e+04, 3.1507e+03, -99.0000, -99.0000, 19.2822, 18.1297, 16.4110, 15.3057, 20.6372, 18.7049, 16.7802, 15.6159, 14.7037, 13.6143, 12.7945, 12.5481, 12.8054, 13.3038, 13.6458, 15.1540
1.200, -9.9000e+01, -9.9000e+01, 4.1999e+01, 1.2614e+02, 6.1963e+02, 1.8360e+03, 1.0881e+01, 7.6196e+01, 4.2202e+02, 1.4015e+03, 3.0138e+03, 9.9651e+03, 2.2454e+04, 2.9216e+04, 2.4660e+04, 1.5598e+04, 1.1397e+04, 2.7799e+03, -99.0000, -99.0000, 19.8419, 18.6479, 16.9197, 15.7403, 21.3084, 19.1952, 17.3367, 16.0335, 15.2022, 13.9038, 13.0218, 12.7360, 12.9200, 13.4173, 13.7580, 15.2899
1.300, -9.9000e+01, -9.9000e+01, 2.3450e+01, 8.5094e+01, 3.8778e+02, 1.2301e+03, 5.7491e+00, 5.2240e+01, 2.4211e+02, 9.8643e+02, 2.0063e+03, 7.7864e+03, 1.8310e+04, 2.4410e+04, 2.2141e+04, 1.4585e+04, 1.0313e+04, 2.4554e+03, -99.0000, -99.0000, 20.4746, 19.0753, 17.4285, 16.1752, 22.0010, 19.6050, 17.9400, 16.4148, 15.6440, 14.1717, 13.2433, 12.9311, 13.0370, 13.4902, 13.8665, 15.4247
1.400, -9.9000e+01, -9.9000e+01, -9.9000e+01, -9.9000e+01, -9.9000e+01, -9.9000e+01, -9.9000e+01, 3.6119e+01, 1.4197e+02, 7.0035e+02, 1.3916e+03, 6.1287e+03, 1.4848e+04, 2.0470e+04, 2.0152e+04, 1.3809e+04, 9.3899e+03, 2.1836e+03, -99.0000, -99.0000, -99.0000, -99.0000, -99.0000, -99.0000, -99.0000, 20.0056, 18.5195, 16.7867, 16.0413, 14.4316, 13.4709, 13.1222, 13.1392, 13.5496, 13.9683, 15.5521
1.500, -9.9000e+01, -9.9000e+01, -9.9000e+01, -9.9000e+01, -9.9000e+01, -9.9000e+01, -9.9000e+01, 2.3888e+01, 9.6501e+01, 4.8341e+02, 9.9448e+02, 4.8338e+03, 1.2297e+04, 1.7436e+04, 1.8407e+04, 1.3172e+04, 8.5792e+03, 1.9637e+03, -99.0000, -99.0000, -99.0000, -99.0000, -99.0000, -99.0000, -99.0000, 20.4546, 18.9387, 17.1892, 16.4060, 14.6893, 13.6755, 13.2964, 13.2375, 13.6009, 14.0664, 15.6673
1.600, -9.9000e+01, -9.9000e+01, -9.9000e+01, -9.9000e+01, -9.9000e+01, -9.9000e+01, -9.9000e+01, 1.5078e+01, 6.6317e+01, 3.2173e+02, 7.4021e+02, 3.7844e+03, 1.0188e+04, 1.5058e+04, 1.6731e+04, 1.2629e+04, 7.8606e+03, 1.7852e+03, -99.0000, -99.0000, -99.0000, -99.0000, -99.0000, -99.0000, -99.0000, 20.9542, 19.3459, 17.6313, 16.7266, 14.9550, 13.8797, 13.4556, 13.3412, 13.6466, 14.1614, 15.7708
1.800, -9.9000e+01, -9.9000e+01, -9.9000e+01, -9.9000e+01, -9.9000e+01, -9.9000e+01, -9.9000e+01, 5.8584e+00, 3.9720e+01, 1.4409e+02, 4.1929e+02, 2.3986e+03, 7.4508e+03, 1.1767e+04, 1.3482e+04, 1.1453e+04, 6.8798e+03, 1.5376e+03, -99.0000, -99.0000, -99.0000, -99.0000, -99.0000, -99.0000, -99.0000, 21.9805, 19.9025, 18.5034, 17.3437, 15.4501, 14.2195, 13.7233, 13.5756, 13.7527, 14.3061, 15.9329
2.000, -9.9000e+01, -9.9000e+01, -9.9000e+01, -9.9000e+01, -9.9000e+01, -9.9000e+01, -9.9000e+01, -9.9000e+01, 2.3507e+01, 6.4297e+01, 2.1275e+02, 1.4086e+03, 5.5394e+03, 9.4847e+03, 1.0658e+04, 1.0214e+04, 6.3938e+03, 1.3685e+03, -99.0000, -99.0000, -99.0000, -99.0000, -99.0000, -99.0000, -99.0000, -99.0000, 20.4720, 19.3795, 18.0803, 16.0280, 14.5413, 13.9574, 13.8308, 13.8770, 14.3856, 16.0594
2.200, -9.9000e+01, -9.9000e+01, -9.9000e+01, -9.9000e+01, -9.9000e+01, -9.9000e+01, -9.9000e+01, -9.9000e+01, -9.9000e+01, 3.7723e+01, 1.1198e+02, 8.2244e+02, 4.2386e+03, 7.8178e+03, 8.5873e+03, 9.1232e+03, 6.0044e+03, 1.2502e+03, -99.0000, -99.0000, -99.0000, -99.0000, -99.0000, -99.0000, -99.0000, -99.0000, -99.0000, 19.9585, 18.7772, 16.6122, 14.8320, 14.1673, 14.0654, 13.9996, 14.4538, 16.1576
2.400, -9.9000e+01, -9.9000e+01, -9.9000e+01, -9.9000e+01, -9.9000e+01, -9.9000e+01, -9.9000e+01, -9.9000e+01, -9.9000e+01, 2.5253e+01, 5.6805e+01, 5.0802e+02, 3.3718e+03, 6.4965e+03, 7.1319e+03, 8.0495e+03, 5.6853e+03, 1.1588e+03, -99.0000, -99.0000, -99.0000, -99.0000, -99.0000, -99.0000, -99.0000, -99.0000, -99.0000, 20.3942, 19.5140, 17.1353, 15.0803, 14.3683, 14.2670, 14.1356, 14.5131, 16.2400
2.500, -9.9000e+01, -9.9000e+01, -9.9000e+01, -9.9000e+01, -9.9000e+01, -9.9000e+01, -9.9000e+01, -9.9000e+01, -9.9000e+01, 2.0621e+01, 4.1037e+01, 3.9233e+02, 3.0243e+03, 5.9371e+03, 6.5757e+03, 7.5065e+03, 5.5546e+03, 1.1180e+03, -99.0000, -99.0000, -99.0000, -99.0000, -99.0000, -99.0000, -99.0000, -99.0000, -99.0000, 20.6142, 19.8671, 17.4159, 15.1984, 14.4661, 14.3552, 14.2114, 14.5384, 16.2789
2.700, -9.9000e+01, -9.9000e+01, -9.9000e+01, -9.9000e+01, -9.9000e+01, -9.9000e+01, -9.9000e+01, -9.9000e+01, -9.9000e+01, 1.3493e+01, 2.6471e+01, 2.7353e+02, 2.4312e+03, 4.9374e+03, 5.6548e+03, 6.4580e+03, 5.3453e+03, 1.0453e+03, -99.0000, -99.0000, -99.0000, -99.0000, -99.0000, -99.0000, -99.0000, -99.0000, -99.0000, 21.0747, 20.3431, 17.8075, 15.4354, 14.6662, 14.5190, 14.3747, 14.5801, 16.3519
2.900, -9.9000e+01, -9.9000e+01, -9.9000e+01, -9.9000e+01, -9.9000e+01, -9.9000e+01, -9.9000e+01, -9.9000e+01, -9.9000e+01, 7.9493e+00, 1.9506e+01, 1.8780e+02, 1.9142e+03, 4.0834e+03, 4.9227e+03, 5.5210e+03, 5.1470e+03, 9.8234e+02, -99.0000, -99.0000, -99.0000, -99.0000, -99.0000, -99.0000, -99.0000, -99.0000, -99.0000, 21.6492, 20.6746, 18.2158, 15.6950, 14.8724, 14.6695, 14.5450, 14.6211, 16.4193
3.000, -9.9000e+01, -9.9000e+01, -9.9000e+01, -9.9000e+01, -9.9000e+01, -9.9000e+01, -9.9000e+01, -9.9000e+01, -9.9000e+01, 5.9913e+00, 1.6781e+01, 1.5224e+02, 1.6788e+03, 3.7244e+03, 4.6075e+03, 5.1187e+03, 5.0216e+03, 9.5372e+02, -99.0000, -99.0000, -99.0000, -99.0000, -99.0000, -99.0000, -99.0000, -99.0000, -99.0000, 21.9562, 20.8380, 18.4437, 15.8375, 14.9724, 14.7413, 14.6271, 14.6479, 16.4515
3.100, -9.9000e+01, -9.9000e+01, -9.9000e+01, -9.9000e+01, -9.9000e+01, -9.9000e+01, -9.9000e+01, -9.9000e+01, -9.9000e+01, 4.4852e+00, 1.3741e+01, 1.2529e+02, 1.4876e+03, 3.3971e+03, 4.3151e+03, 4.7734e+03, 4.8669e+03, 9.2679e+02, -99.0000, -99.0000, -99.0000, -99.0000, -99.0000, -99.0000, -99.0000, -99.0000, -99.0000, 22.2705, 21.0549, 18.6552, 15.9688, 15.0722, 14.8125, 14.7029, 14.6819, 16.4825
3.300, -9.9000e+01, -9.9000e+01, -9.9000e+01, -9.9000e+01, -9.9000e+01, -9.9000e+01, -9.9000e+01, -9.9000e+01, -9.9000e+01, 2.5909e+00, 9.0169e+00, 8.1907e+01, 1.2035e+03, 2.8654e+03, 3.7900e+03, 4.1849e+03, 4.5243e+03, 8.7860e+02, -99.0000, -99.0000, -99.0000, -99.0000, -99.0000, -99.0000, -99.0000, -99.0000, -99.0000, 22.8664, 21.5124, 19.1167, 16.1989, 15.2570, 14.9534, 14.8458, 14.7611, 16.5405
3.500, -9.9000e+01, -9.9000e+01, -9.9000e+01, -9.9000e+01, -9.9000e+01, -9.9000e+01, -9.9000e+01, -9.9000e+01, -9.9000e+01, 1.4803e+00, 5.7756e+00, 5.2862e+01, 1.0050e+03, 2.4150e+03, 3.3307e+03, 3.7358e+03, 4.1737e+03, 8.3683e+02, -99.0000, -99.0000, -99.0000, -99.0000, -99.0000, -99.0000, -99.0000, -99.0000, -99.0000, 23.4741, 21.9960, 19.5921, 16.3946, 15.4427, 15.0937, 14.9690, 14.8487, 16.5934
3.700, -9.9000e+01, -9.9000e+01, -9.9000e+01, -9.9000e+01, -9.9000e+01, -9.9000e+01, -9.9000e+01, -9.9000e+01, -9.9000e+01, 8.3362e-01, 3.7062e+00, 3.2695e+01, 8.0006e+02, 2.0881e+03, 2.9085e+03, 3.3666e+03, 3.8426e+03, 8.0225e+02, -99.0000, -99.0000, -99.0000, -99.0000, -99.0000, -99.0000, -99.0000, -99.0000, -99.0000, 24.0976, 22.4777, 20.1138, 16.6422, 15.6006, 15.2408, 15.0820, 14.9384, 16.6392
4.000, -9.9000e+01, -9.9000e+01, -9.9000e+01, -9.9000e+01, -9.9000e+01, -9.9000e+01, -9.9000e+01, -9.9000e+01, -9.9000e+01, -9.9000e+01, 1.8288e+00, 1.8352e+01, 5.3367e+02, 1.6840e+03, 2.3711e+03, 2.9106e+03, 3.3899e+03, 7.9057e+02, -99.0000, -99.0000, -99.0000, -99.0000, -99.0000, -99.0000, -99.0000, -99.0000, -99.0000, -99.0000, 23.2446, 20.7408, 17.0818, 15.8342, 15.4626, 15.2400, 15.0745, 16.6551
