# Ell2 Log(L(8-1000um))=14.0 L_sun, Fluxes in uJy and mags in AB (Optical filters from Loiano (Ul), VVDS (UBVRI) and CFHTLS (Ugriz+p)
#          z      F(Ul)       F(U)       F(B)       F(V)       F(R)       F(I)      F(Up)      F(gp)      F(rp)      F(ip)      F(zp)       F(J)      F(Ks)     F(3.6)     F(4.5)     F(5.8)     F(8.0)      F(24)   mag(Ul)    mag(U)    mag(B)    mag(V)    mag(R)    mag(I)   mag(Up)   mag(gp)   mag(rp)   mag(ip)   mag(zp)    mag(J)   mag(Ks)  mag(3.6)  mag(4.5)  mag(5.8)  mag(8.0)   mag(24)
# lambda(um)     0.3688     0.3446     0.4355     0.5388     0.6597     0.8079     0.3783     0.4858     0.6258     0.7701     0.8909     1.2534     2.1640     3.5640     4.5119     5.7601     7.9600    23.8433    0.3688    0.3446    0.4355    0.5388    0.6597    0.8079    0.3783    0.4858    0.6258    0.7701    0.8909    1.2534    2.1640    3.5640    4.5119    5.7601    7.9600   23.8433
          z      F(Ul)       F(U)       F(B)       F(V)       F(R)       F(I)      F(Up)      F(gp)      F(rp)      F(ip)      F(zp)       F(J)      F(Ks)     F(3.6)     F(4.5)     F(5.8)     F(8.0)      F(24)   mag(Ul)    mag(U)    mag(B)    mag(V)    mag(R)    mag(I)   mag(Up)   mag(gp)   mag(rp)   mag(ip)   mag(zp)    mag(J)   mag(Ks)  mag(3.6)  mag(4.5)  mag(5.8)  mag(8.0)   mag(24)

       0.001 -9.9000e+01  2.8780e+09  9.5632e+09  1.5875e+10  2.0735e+10  2.5152e+10  4.6929e+09  1.2839e+10  1.9742e+10  2.3949e+10  2.7432e+10  3.2972e+10  2.7653e+10  1.3661e+10  9.2660e+09  7.0983e+09  5.6063e+09  4.4591e+09   -99.0000     0.2523    -1.0515    -1.6018    -1.8917    -2.1014    -0.2786    -1.3713    -1.8385    -2.0482    -2.1957    -2.3953    -2.2043    -1.4387    -1.0172    -0.7279    -0.4717    -0.2231
       0.002 -9.9000e+01  7.1587e+08  2.3803e+09  3.9594e+09  5.1767e+09  6.2776e+09  1.1681e+09  3.2011e+09  4.9273e+09  5.9785e+09  6.8472e+09  8.2357e+09  6.9187e+09  3.4175e+09  2.3194e+09  1.7749e+09  1.4017e+09  1.1150e+09   -99.0000     1.7629     0.4584    -0.0941    -0.3851    -0.5945     1.2313     0.1368    -0.3315    -0.5415    -0.6888    -0.8893    -0.7001     0.0657     0.4866     0.7771     1.0333     1.2818
       0.004 -9.9000e+01  1.7714e+08  5.8951e+08  9.8505e+08  1.2907e+09  1.5643e+09  2.8738e+08  7.9533e+08  1.2276e+09  1.4904e+09  1.7069e+09  2.0556e+09  1.7322e+09  8.5542e+08  5.8131e+08  4.4390e+08  3.5053e+08  2.7886e+08   -99.0000     3.2792     1.9738     1.4164     1.1229     0.9142     2.7539     1.6486     1.1773     0.9667     0.8195     0.6177     0.8035     1.5696     1.9890     2.2818     2.5382     2.7865
       0.006 -9.9000e+01  7.7925e+07  2.5956e+08  4.3568e+08  5.7213e+08  6.9304e+08  1.2591e+08  3.5147e+08  5.4379e+08  6.6055e+08  7.5646e+08  9.1211e+08  7.7083e+08  3.8065e+08  2.5901e+08  1.9736e+08  1.5584e+08  1.2398e+08   -99.0000     4.1708     2.8644     2.3021     2.0063     1.7981     3.6498     2.5353     2.0614     1.8502     1.7030     1.4999     1.6826     2.4487     2.8667     3.1618     3.4183     3.6666
       0.008 -9.9000e+01  4.3393e+07  1.4464e+08  2.4389e+08  3.2096e+08  3.8859e+08  7.0085e+07  1.9650e+08  3.0487e+08  3.7051e+08  4.2430e+08  5.1220e+08  4.3407e+08  2.1437e+08  1.4607e+08  1.1106e+08  8.7683e+07  6.9765e+07   -99.0000     4.8064     3.4992     2.9320     2.6339     2.4263     4.2859     3.1666     2.6897     2.4780     2.3308     2.1264     2.3061     3.0721     3.4886     3.7861     4.0427     4.2909
       0.010 -9.9000e+01  2.7503e+07  9.1703e+07  1.5534e+08  2.0486e+08  2.4791e+08  4.4060e+07  1.2503e+08  1.9446e+08  2.3647e+08  2.7077e+08  3.2727e+08  2.7808e+08  1.3737e+08  9.3720e+07  7.1106e+07  5.6135e+07  4.4664e+07   -99.0000     5.3015     3.9940     3.4218     3.1213     2.9143     4.7899     3.6575     3.1779     2.9656     2.8185     2.6127     2.7896     3.5553     3.9704     4.2702     4.5269     4.7751
       0.015 -9.9000e+01  1.1929e+07  3.9782e+07  6.8220e+07  9.0428e+07  1.0931e+08  1.8910e+07  5.4745e+07  8.5710e+07  1.0437e+08  1.1950e+08  1.4486e+08  1.2384e+08  6.1234e+07  4.1924e+07  3.1634e+07  2.4971e+07  1.9866e+07   -99.0000     6.2085     4.9008     4.3152     4.0092     3.8033     5.7082     4.5541     4.0674     3.8536     3.7066     3.4976     3.6678     4.4325     4.8438     5.1496     5.4064     5.6547
       0.020 -9.9000e+01  6.5517e+06  2.1836e+07  3.7927e+07  5.0505e+07  6.1009e+07  1.0274e+07  3.0339e+07  4.7808e+07  5.8295e+07  6.6739e+07  8.1173e+07  6.9775e+07  3.4544e+07  2.3737e+07  1.7811e+07  1.4061e+07  1.1182e+07   -99.0000     6.8591     5.5521     4.9526     4.6417     4.4365     6.3707     5.1950     4.7012     4.4859     4.3391     4.1265     4.2908     5.0541     5.4615     5.7733     6.0300     6.2787
       0.030 -9.9000e+01  2.7834e+06  9.2317e+06  1.6479e+07  2.2115e+07  2.6709e+07  4.2746e+06  1.3082e+07  2.0886e+07  2.5543e+07  2.9229e+07  3.5810e+07  3.1101e+07  1.5438e+07  1.0688e+07  7.9291e+06  6.2659e+06  4.9755e+06   -99.0000     7.7886     6.4868     5.8577     5.5383     5.3334     7.3228     6.1083     5.6004     5.3818     5.2355     5.0150     5.1681     5.9285     6.3277     6.6519     6.9075     7.1579
       0.040 -9.9000e+01  1.4998e+06  4.9328e+06  9.0676e+06  1.2251e+07  1.4810e+07  2.2720e+06  7.1271e+06  1.1543e+07  1.4164e+07  1.6191e+07  1.9997e+07  1.7545e+07  8.7301e+06  6.0903e+06  4.4657e+06  3.5357e+06  2.8008e+06   -99.0000     8.4599     7.1673     6.5063     6.1796     5.9736     8.0090     6.7677     6.2442     6.0221     5.8768     5.6476     5.7896     6.5474     6.9384     7.2753     7.5288     7.7818
       0.050 -9.9000e+01  9.1925e+05  2.9936e+06  5.6773e+06  7.7216e+06  9.3447e+06  1.3830e+06  4.4067e+06  7.2633e+06  8.9364e+06  1.0203e+07  1.2706e+07  1.1262e+07  5.6157e+06  3.9481e+06  2.8623e+06  2.2702e+06  1.7933e+06   -99.0000     8.9914     7.7095     7.0146     6.6807     6.4736     8.5480     7.2897     6.7472     6.5221     6.3782     6.1400     6.2709     7.0265     7.4090     7.7582     8.0098     8.2658
       0.060 -9.9000e+01  6.1014e+05  1.9684e+06  3.8579e+06  5.2802e+06  6.3987e+06  9.1277e+05  2.9542e+06  4.9591e+06  6.1179e+06  6.9820e+06  8.7620e+06  7.8498e+06  3.9191e+06  2.7764e+06  1.9919e+06  1.5812e+06  1.2456e+06   -99.0000     9.4364     8.1647     7.4341     7.0934     6.8848     8.9991     7.7239     7.1615     6.9335     6.7901     6.5435     6.6628     7.4170     7.7913     8.1518     8.4025     8.6616
       0.070 -9.9000e+01  4.2773e+05  1.3686e+06  2.7736e+06  3.8189e+06  4.6369e+06  6.3734e+05  2.0953e+06  3.5781e+06  4.4311e+06  5.0581e+06  6.3926e+06  5.7869e+06  2.8931e+06  2.0652e+06  1.4668e+06  1.1650e+06  9.1501e+05   -99.0000     9.8221     8.5593     7.7924     7.4452     7.2344     9.3891     8.0969     7.5159     7.2837     7.1400     6.8858     6.9939     7.7466     8.1126     8.4841     8.7341     8.9964
       0.080 -9.9000e+01  3.1126e+05  9.9254e+05  2.0780e+06  2.8777e+06  3.5027e+06  4.6422e+05  1.5489e+06  2.6874e+06  3.3451e+06  3.8212e+06  4.8600e+06  4.4443e+06  2.2251e+06  1.6009e+06  1.1257e+06  8.9457e+05  7.0030e+05   -99.0000    10.1672     8.9081     8.1059     7.7524     7.5390     9.7332     8.4249     7.8267     7.5890     7.4445     7.1834     7.2805     8.0316     8.3891     8.7715     9.0210     9.2868
       0.090 -9.9000e+01  2.3374e+05  7.4418e+05  1.6062e+06  2.2383e+06  2.7313e+06  3.4981e+05  1.1816e+06  2.0811e+06  2.6067e+06  2.9837e+06  3.8142e+06  3.5244e+06  1.7658e+06  1.2807e+06  8.9151e+05  7.0893e+05  5.5299e+05   -99.0000    10.4782     9.2208     8.3855     8.0252     7.8091    10.0404     8.7189     8.1043     7.8598     7.7131     7.4465     7.5323     8.2827     8.6314     9.0247     9.2735     9.5432
       0.100 -9.9000e+01  1.7983e+05  5.7328e+05  1.2713e+06  1.7855e+06  2.1842e+06  2.7099e+05  9.2369e+05  1.6518e+06  2.0835e+06  2.3912e+06  3.0675e+06  2.8677e+06  1.4365e+06  1.0504e+06  7.2393e+05  5.7604e+05  4.4755e+05   -99.0000    10.7629     9.5041     8.6393     8.2706     8.0517    10.3176     8.9862     8.3551     8.1030     7.9534     7.6830     7.7562     8.5067     8.8467     9.2508     9.4989     9.7729
       0.150 -9.9000e+01  6.2367e+04  1.9861e+05  5.0203e+05  7.2885e+05  9.0993e+05  9.8983e+04  3.3761e+05  6.6574e+05  8.6644e+05  9.9580e+05  1.3140e+06  1.3138e+06  6.5136e+05  4.9423e+05  3.2775e+05  2.6017e+05  1.9739e+05   -99.0000    11.9126    10.6550     9.6482     9.2434     9.0025    11.4111    10.0790     9.3417     9.0557     8.9046     8.6035     8.6037     9.3654     9.6652    10.1111    10.3619    10.6617
       0.170 -9.9000e+01  4.3483e+04  1.3843e+05  3.7151e+05  5.4808e+05  6.9153e+05  7.1459e+04  2.4184e+05  4.9856e+05  6.5942e+05  7.5422e+05  1.0083e+06  1.0392e+06  5.1083e+05  3.9202e+05  2.5865e+05  2.0380e+05  1.5299e+05   -99.0000    12.3042    11.0470     9.9751     9.5529     9.3005    11.7649    10.4412     9.6557     9.3521     9.2062     8.8910     8.8583     9.6293     9.9167    10.3682    10.6270    10.9383
       0.190 -9.9000e+01  3.1139e+04  9.8816e+04  2.8143e+05  4.2296e+05  5.4136e+05  5.2473e+04  1.7794e+05  3.8446e+05  5.1645e+05  5.9001e+05  7.9486e+05  8.4607e+05  4.1169e+05  3.1875e+05  2.1066e+05  1.6408e+05  1.2187e+05   -99.0000    12.6667    11.4129    10.2766     9.8343     9.5663    12.1002    10.7743     9.9379     9.6174     9.4729     9.1493     9.0815     9.8636    10.1414    10.5910    10.8623    11.1852
       0.200 -9.9000e+01  2.6565e+04  8.4349e+04  2.4678e+05  3.7464e+05  4.8314e+05  4.5326e+04  1.5376e+05  3.4077e+05  4.6102e+05  5.2671e+05  7.1219e+05  7.6964e+05  3.7270e+05  2.8986e+05  1.9190e+05  1.4850e+05  1.0970e+05   -99.0000    12.8392    11.5848    10.4192     9.9660     9.6898    12.2591    10.9329    10.0689     9.7407     9.5961     9.2685     9.1843     9.9716    10.2445    10.6923    10.9707    11.2995
       0.210 -9.9000e+01  2.2766e+04  7.2774e+04  2.1746e+05  3.3353e+05  4.3336e+05  3.9307e+04  1.3336e+05  3.0338e+05  4.1361e+05  4.7251e+05  6.4120e+05  7.0327e+05  3.3905e+05  2.6488e+05  1.7571e+05  1.3508e+05  9.9233e+04   -99.0000    13.0068    11.7451    10.5565    10.0922     9.8079    12.4138    11.0874    10.1950     9.8585     9.7140     9.3825     9.2822    10.0743    10.3424    10.7880    11.0735    11.4084
       0.230 -9.9000e+01  1.6891e+04  5.6012e+04  1.6937e+05  2.6826e+05  3.5313e+05  3.0020e+04  1.0154e+05  2.4408e+05  3.3691e+05  3.8552e+05  5.2644e+05  5.9459e+05  2.8423e+05  2.2401e+05  1.4934e+05  1.1327e+05  8.2261e+04   -99.0000    13.3309    12.0293    10.8279    10.3286    10.0302    12.7065    11.3834    10.4312    10.0812     9.9349     9.5966     9.4645    10.2658    10.5243    10.9645    11.2648    11.6120
       0.250 -9.9000e+01  1.2652e+04  4.3681e+04  1.3296e+05  2.1917e+05  2.9200e+05  2.3150e+04  7.8625e+04  1.9940e+05  2.7833e+05  3.1934e+05  4.3823e+05  5.0837e+05  2.4181e+05  1.9225e+05  1.2895e+05  9.6418e+04  6.9215e+04   -99.0000    13.6446    12.2993    11.0907    10.5480    10.2366    12.9886    11.6611    10.6507    10.2886    10.1394     9.7957     9.6346    10.4413    10.6903    11.1240    11.4396    11.7995
       0.300 -9.9000e+01  6.4551e+03  2.5097e+04  7.5368e+04  1.3991e+05  1.9153e+05  1.2719e+04  4.4293e+04  1.2570e+05  1.8133e+05  2.1008e+05  2.9099e+05  3.5485e+05  1.7068e+05  1.3776e+05  9.4368e+04  6.8007e+04  4.7323e+04   -99.0000    14.3752    12.9010    11.7070    11.0354    10.6944    13.6388    12.2842    11.1517    10.7538    10.5940    10.2403    10.0249    10.8195    11.0522    11.4629    11.8186    12.2123
       0.350 -9.9000e+01  3.7528e+03  1.5590e+04  4.4810e+04  9.4135e+04  1.3235e+05  7.1552e+03  2.6523e+04  8.3239e+04  1.2416e+05  1.4675e+05  2.0359e+05  2.5646e+05  1.2937e+05  1.0400e+05  7.3196e+04  5.0829e+04  3.4216e+04   -99.0000    14.9641    13.4179    12.2716    11.4656    11.0957    14.2634    12.8409    11.5992    11.1650    10.9836    10.6281    10.3774    11.1204    11.3574    11.7388    12.1347    12.5644
       0.400 -9.9000e+01  2.4612e+03  9.8760e+03  2.7839e+04  6.5703e+04  9.4553e+04  4.0403e+03  1.6486e+04  5.6912e+04  8.8027e+04  1.0778e+05  1.4884e+05  1.8943e+05  1.0427e+05  8.1617e+04  5.9237e+04  3.9585e+04  2.5785e+04   -99.0000    15.4221    13.9136    12.7884    11.8560    11.4608    14.8840    13.3572    12.0120    11.5385    11.3187    10.9682    10.7064    11.3547    11.6205    11.9685    12.4062    12.8716
       0.450 -9.9000e+01  1.6552e+03  6.4983e+03  1.7408e+04  4.7041e+04  7.0013e+04  2.4468e+03  1.0903e+04  3.8860e+04  6.4691e+04  8.1514e+04  1.1236e+05  1.4426e+05  8.8203e+04  6.5983e+04  4.9386e+04  3.1855e+04  2.0063e+04   -99.0000    15.8529    14.3680    13.2981    12.2188    11.7871    15.4285    13.8061    12.4262    11.8729    11.6219    11.2735    11.0021    11.5363    11.8514    12.1660    12.6421    13.1440
       0.500 -9.9000e+01  1.1999e+03  4.2705e+03  1.1685e+04  3.3905e+04  5.3331e+04  1.7298e+03  7.3546e+03  2.6699e+04  4.9147e+04  6.2760e+04  8.7363e+04  1.1350e+05  7.6396e+04  5.4593e+04  4.1884e+04  2.6468e+04  1.6014e+04   -99.0000    16.2021    14.8238    13.7310    12.5743    12.0826    15.8050    14.2336    12.8338    12.1713    11.9058    11.5467    11.2625    11.6923    12.0572    12.3449    12.8432    13.3888
       0.600 -9.9000e+01 -9.9000e+01  1.8909e+03  6.0324e+03  1.7202e+04  3.2777e+04  8.7384e+02  3.7056e+03  1.3019e+04  2.9842e+04  3.8576e+04  5.5941e+04  7.6103e+04  5.9977e+04  3.9278e+04  3.1192e+04  1.9782e+04  1.0833e+04   -99.0000   -99.0000    15.7083    14.4488    13.3110    12.6111    16.5464    14.9778    13.6136    12.7129    12.4342    12.0307    11.6965    11.9550    12.4146    12.6649    13.1593    13.8131
       0.700 -9.9000e+01 -9.9000e+01  8.9673e+02  3.4549e+03  9.1553e+03  2.0592e+04  5.4388e+02  1.9215e+03  6.6814e+03  1.8472e+04  2.5138e+04  3.8609e+04  5.4933e+04  4.8136e+04  3.0448e+04  2.4319e+04  1.5730e+04  7.7960e+03   -99.0000   -99.0000    16.5184    15.0539    13.9958    13.1157    17.0612    15.6909    14.3378    13.2337    12.8992    12.4333    12.0504    12.1938    12.6911    12.9351    13.4082    14.1703
       0.800 -9.9000e+01 -9.9000e+01  5.4476e+02  1.9353e+03  4.8861e+03  1.3366e+04  3.5992e+02  1.0289e+03  3.8164e+03  1.1415e+04  1.7595e+04  2.7844e+04  4.1305e+04  3.9000e+04  2.5779e+04  1.9633e+04  1.3080e+04  5.9040e+03   -99.0000   -99.0000    17.0595    15.6831    14.6776    13.5850    17.5095    16.3691    14.9459    13.7563    13.2866    12.7882    12.3600    12.4223    12.8718    13.1675    13.6085    14.4721
       0.900 -9.9000e+01 -9.9000e+01  3.5344e+02  1.0868e+03  2.9781e+03  8.5264e+03  2.1597e+02  5.8267e+02  2.4070e+03  6.8330e+03  1.2279e+04  2.0802e+04  3.2063e+04  3.2767e+04  2.2919e+04  1.6245e+04  1.1240e+04  4.6998e+03   -99.0000   -99.0000    17.5292    16.3096    15.2152    14.0731    18.0640    16.9864    15.4463    14.3135    13.6771    13.1047    12.6350    12.6114    12.9995    13.3732    13.7731    14.7198
       1.000 -9.9000e+01 -9.9000e+01  2.4581e+02  5.9779e+02  1.9646e+03  5.3918e+03  1.2417e+02  3.6746e+02  1.5655e+03  4.1776e+03  8.4449e+03  1.6032e+04  2.5722e+04  2.8012e+04  2.0674e+04  1.3684e+04  9.8739e+03  3.8800e+03   -99.0000   -99.0000    17.9235    16.9586    15.6668    14.5707    18.6650    17.4870    15.9134    14.8477    14.0835    13.3875    12.8742    12.7817    13.1115    13.5595    13.9138    14.9279
       1.100 -9.9000e+01 -9.9000e+01  1.7734e+02  3.5940e+02  1.3209e+03  3.4476e+03  7.3186e+01  2.5071e+02  9.9085e+02  2.6060e+03  5.8152e+03  1.2485e+04  2.0938e+04  2.3946e+04  1.8628e+04  1.1874e+04  8.7952e+03  3.2897e+03   -99.0000   -99.0000    18.2780    17.5110    16.0978    15.0562    19.2389    17.9021    16.4100    15.3601    14.4886    13.6591    13.0976    12.9519    13.2246    13.7135    14.0394    15.1071
       1.200 -9.9000e+01 -9.9000e+01  1.1821e+02  2.4279e+02  8.6641e+02  2.3130e+03  4.4230e+01  1.7539e+02  6.2888e+02  1.7525e+03  3.8407e+03  9.8316e+03  1.7187e+04  2.0334e+04  1.6728e+04  1.0717e+04  7.8788e+03  2.8344e+03   -99.0000   -99.0000    18.7183    17.9369    16.5557    15.4896    19.7857    18.2900    16.9036    15.7908    14.9390    13.9184    13.3120    13.1294    13.3414    13.8248    14.1588    15.2688
       1.300 -9.9000e+01 -9.9000e+01  7.5448e+01  1.7873e+02  5.7161e+02  1.5649e+03  2.6846e+01  1.2828e+02  3.8723e+02  1.2449e+03  2.5323e+03  7.8608e+03  1.4187e+04  1.7167e+04  1.5037e+04  1.0014e+04  7.0962e+03  2.4408e+03   -99.0000   -99.0000    19.2059    18.2695    17.0073    15.9138    20.3278    18.6296    17.4301    16.1622    15.3912    14.1613    13.5203    13.3132    13.4571    13.8984    14.2724    15.4312
       1.400 -9.9000e+01 -9.9000e+01 -9.9000e+01 -9.9000e+01 -9.9000e+01 -9.9000e+01 -9.9000e+01  9.5002e+01  2.4681e+02  9.1619e+02  1.7364e+03  6.3480e+03  1.1695e+04  1.4553e+04  1.3723e+04  9.4648e+03  6.4411e+03  2.1172e+03   -99.0000   -99.0000   -99.0000   -99.0000   -99.0000   -99.0000   -99.0000    18.9557    17.9191    16.4950    15.8009    14.3934    13.7300    13.4926    13.5564    13.9597    14.3776    15.5856
       1.500 -9.9000e+01 -9.9000e+01 -9.9000e+01 -9.9000e+01 -9.9000e+01 -9.9000e+01 -9.9000e+01  6.7862e+01  1.7746e+02  6.5803e+02  1.2435e+03  5.1486e+03  9.8247e+03  1.2522e+04  1.2585e+04  9.0044e+03  5.8763e+03  1.8597e+03   -99.0000   -99.0000   -99.0000   -99.0000   -99.0000   -99.0000   -99.0000    19.3209    18.2772    16.8544    16.1634    14.6208    13.9192    13.6558    13.6504    14.0139    14.4772    15.7264
       1.600 -9.9000e+01 -9.9000e+01 -9.9000e+01 -9.9000e+01 -9.9000e+01 -9.9000e+01 -9.9000e+01  4.7124e+01  1.3194e+02  4.5768e+02  9.2897e+02  4.1559e+03  8.3257e+03  1.0918e+04  1.1496e+04  8.6041e+03  5.3866e+03  1.6532e+03   -99.0000   -99.0000   -99.0000   -99.0000   -99.0000   -99.0000   -99.0000    19.7169    18.5990    17.2486    16.4800    14.8533    14.0990    13.8046    13.7486    14.0632    14.5717    15.8542
       1.800 -9.9000e+01 -9.9000e+01 -9.9000e+01 -9.9000e+01 -9.9000e+01 -9.9000e+01 -9.9000e+01  2.2427e+01  8.8397e+01  2.2585e+02  5.5447e+02  2.7642e+03  6.3185e+03  8.6431e+03  9.3979e+03  7.7720e+03  4.7167e+03  1.3726e+03   -99.0000   -99.0000   -99.0000   -99.0000   -99.0000   -99.0000   -99.0000    20.5231    19.0339    18.0155    17.0403    15.2961    14.3985    14.0583    13.9674    14.1737    14.7159    16.0562
       2.000 -9.9000e+01 -9.9000e+01 -9.9000e+01 -9.9000e+01 -9.9000e+01 -9.9000e+01 -9.9000e+01 -9.9000e+01  5.9061e+01  1.1439e+02  3.0270e+02  1.7215e+03  4.8837e+03  7.0344e+03  7.5542e+03  6.9514e+03  4.3758e+03  1.1846e+03   -99.0000   -99.0000   -99.0000   -99.0000   -99.0000   -99.0000   -99.0000   -99.0000    19.4717    18.7540    17.6975    15.8103    14.6781    14.2819    14.2045    14.2948    14.7974    16.2161
       2.200 -9.9000e+01 -9.9000e+01 -9.9000e+01 -9.9000e+01 -9.9000e+01 -9.9000e+01 -9.9000e+01 -9.9000e+01 -9.9000e+01  7.4619e+01  1.7199e+02  1.0404e+03  3.8597e+03  5.8488e+03  6.1848e+03  6.2448e+03  4.1051e+03  1.0548e+03   -99.0000   -99.0000   -99.0000   -99.0000   -99.0000   -99.0000   -99.0000   -99.0000   -99.0000    19.2179    18.3112    16.3570    14.9336    14.4823    14.4217    14.4112    14.8667    16.3421
       2.400 -9.9000e+01 -9.9000e+01 -9.9000e+01 -9.9000e+01 -9.9000e+01 -9.9000e+01 -9.9000e+01 -9.9000e+01 -9.9000e+01  5.5225e+01  9.7010e+01  6.4604e+02  3.1378e+03  4.9123e+03  5.2038e+03  5.5585e+03  3.8821e+03  9.5569e+02   -99.0000   -99.0000   -99.0000   -99.0000   -99.0000   -99.0000   -99.0000   -99.0000   -99.0000    19.5447    18.9330    16.8743    15.1584    14.6718    14.6092    14.5376    14.9273    16.4492
       2.500 -9.9000e+01 -9.9000e+01 -9.9000e+01 -9.9000e+01 -9.9000e+01 -9.9000e+01 -9.9000e+01 -9.9000e+01 -9.9000e+01  4.7327e+01  7.3748e+01  5.0143e+02  2.8481e+03  4.5150e+03  4.8214e+03  5.2137e+03  3.7890e+03  9.1188e+02   -99.0000   -99.0000   -99.0000   -99.0000   -99.0000   -99.0000   -99.0000   -99.0000   -99.0000    19.7122    19.2306    17.1495    15.2636    14.7634    14.6921    14.6071    14.9537    16.5002
       2.700 -9.9000e+01 -9.9000e+01 -9.9000e+01 -9.9000e+01 -9.9000e+01 -9.9000e+01 -9.9000e+01 -9.9000e+01 -9.9000e+01  3.4308e+01  5.2168e+01  3.4301e+02  2.3478e+03  3.8074e+03  4.1794e+03  4.5407e+03  3.6416e+03  8.3547e+02   -99.0000   -99.0000   -99.0000   -99.0000   -99.0000   -99.0000   -99.0000   -99.0000   -99.0000    20.0615    19.6065    17.5617    15.4734    14.9484    14.8472    14.7572    14.9968    16.5952
       2.900 -9.9000e+01 -9.9000e+01 -9.9000e+01 -9.9000e+01 -9.9000e+01 -9.9000e+01 -9.9000e+01 -9.9000e+01 -9.9000e+01  2.2948e+01  4.1577e+01  2.4496e+02  1.9047e+03  3.2049e+03  3.6644e+03  3.9313e+03  3.5069e+03  7.7234e+02   -99.0000   -99.0000   -99.0000   -99.0000   -99.0000   -99.0000   -99.0000   -99.0000   -99.0000    20.4981    19.8529    17.9273    15.7005    15.1355    14.9900    14.9137    15.0377    16.6805
       3.000 -9.9000e+01 -9.9000e+01 -9.9000e+01 -9.9000e+01 -9.9000e+01 -9.9000e+01 -9.9000e+01 -9.9000e+01 -9.9000e+01  1.8590e+01  3.7377e+01  2.0344e+02  1.7050e+03  2.9524e+03  3.4414e+03  3.6680e+03  3.4240e+03  7.4433e+02   -99.0000   -99.0000   -99.0000   -99.0000   -99.0000   -99.0000   -99.0000   -99.0000   -99.0000    20.7268    19.9685    18.1289    15.8207    15.2246    15.0582    14.9889    15.0637    16.7206
       3.100 -9.9000e+01 -9.9000e+01 -9.9000e+01 -9.9000e+01 -9.9000e+01 -9.9000e+01 -9.9000e+01 -9.9000e+01 -9.9000e+01  1.4930e+01  3.2285e+01  1.7086e+02  1.5394e+03  2.7248e+03  3.2350e+03  3.4406e+03  3.3232e+03  7.1822e+02   -99.0000   -99.0000   -99.0000   -99.0000   -99.0000   -99.0000   -99.0000   -99.0000   -99.0000    20.9648    20.1275    18.3184    15.9316    15.3117    15.1253    15.0584    15.0961    16.7594
       3.300 -9.9000e+01 -9.9000e+01 -9.9000e+01 -9.9000e+01 -9.9000e+01 -9.9000e+01 -9.9000e+01 -9.9000e+01 -9.9000e+01  9.5466e+00  2.3562e+01  1.1815e+02  1.2796e+03  2.3470e+03  2.8663e+03  3.0485e+03  3.1027e+03  6.7212e+02   -99.0000   -99.0000   -99.0000   -99.0000   -99.0000   -99.0000   -99.0000   -99.0000   -99.0000    21.4504    20.4695    18.7189    16.1323    15.4737    15.2567    15.1898    15.1706    16.8314
       3.500 -9.9000e+01 -9.9000e+01 -9.9000e+01 -9.9000e+01 -9.9000e+01 -9.9000e+01 -9.9000e+01 -9.9000e+01 -9.9000e+01  6.1186e+00  1.6690e+01  8.0766e+01  1.0927e+03  2.0308e+03  2.5425e+03  2.7428e+03  2.8795e+03  6.3284e+02   -99.0000   -99.0000   -99.0000   -99.0000   -99.0000   -99.0000   -99.0000   -99.0000   -99.0000    21.9334    20.8439    19.1319    16.3037    15.6309    15.3869    15.3045    15.2517    16.8968
       3.700 -9.9000e+01 -9.9000e+01 -9.9000e+01 -9.9000e+01 -9.9000e+01 -9.9000e+01 -9.9000e+01 -9.9000e+01 -9.9000e+01  3.9876e+00  1.1899e+01  5.3485e+01  8.9625e+02  1.7950e+03  2.2472e+03  2.4869e+03  2.6697e+03  6.0063e+02   -99.0000   -99.0000   -99.0000   -99.0000   -99.0000   -99.0000   -99.0000   -99.0000   -99.0000    22.3982    21.2112    19.5794    16.5189    15.7649    15.5209    15.4108    15.3338    16.9535
 \